Grid 01  - Solved
-------------------------
| 4 8 3 | 9 2 1 | 6 5 7 | 
| 9 6 7 | 3 4 5 | 8 2 1 | 
| 2 5 1 | 8 7 6 | 4 9 3 | 
-------------------------
| 5 4 8 | 1 3 2 | 9 7 6 | 
| 7 2 9 | 5 6 4 | 1 3 8 | 
| 1 3 6 | 7 9 8 | 2 4 5 | 
-------------------------
| 3 7 2 | 6 8 9 | 5 1 4 | 
| 8 1 4 | 2 5 3 | 7 6 9 | 
| 6 9 5 | 4 1 7 | 3 8 2 | 
-------------------------
Result: 483
Grid 02  - Solved
-------------------------
| 2 4 5 | 9 8 1 | 3 7 6 | 
| 1 6 9 | 2 7 3 | 5 8 4 | 
| 8 3 7 | 5 6 4 | 2 1 9 | 
-------------------------
| 9 7 6 | 1 2 5 | 4 3 8 | 
| 5 1 3 | 4 9 8 | 6 2 7 | 
| 4 8 2 | 7 3 6 | 9 5 1 | 
-------------------------
| 3 9 1 | 6 5 7 | 8 4 2 | 
| 7 2 8 | 3 4 9 | 1 6 5 | 
| 6 5 4 | 8 1 2 | 7 9 3 | 
-------------------------
Result: 245
Grid 03  - Solved
-------------------------
| 4 6 2 | 8 3 1 | 9 5 7 | 
| 7 9 5 | 4 2 6 | 1 8 3 | 
| 3 8 1 | 7 9 5 | 4 2 6 | 
-------------------------
| 1 7 3 | 9 8 4 | 2 6 5 | 
| 6 5 9 | 3 1 2 | 7 4 8 | 
| 2 4 8 | 5 6 7 | 3 1 9 | 
-------------------------
| 9 2 6 | 1 7 8 | 5 3 4 | 
| 8 3 4 | 2 5 9 | 6 7 1 | 
| 5 1 7 | 6 4 3 | 8 9 2 | 
-------------------------
Result: 462
Grid 04  - Solved
-------------------------
| 1 3 7 | 2 5 6 | 8 4 9 | 
| 9 2 8 | 3 1 4 | 5 6 7 | 
| 4 6 5 | 8 9 7 | 3 1 2 | 
-------------------------
| 6 7 3 | 5 4 2 | 9 8 1 | 
| 8 1 9 | 6 7 3 | 2 5 4 | 
| 5 4 2 | 1 8 9 | 7 3 6 | 
-------------------------
| 2 5 6 | 7 3 1 | 4 9 8 | 
| 3 9 1 | 4 2 8 | 6 7 5 | 
| 7 8 4 | 9 6 5 | 1 2 3 | 
-------------------------
Result: 137
Grid 05  - Solved
-------------------------
| 5 2 3 | 8 1 6 | 7 4 9 | 
| 7 8 4 | 5 9 3 | 1 2 6 | 
| 6 9 1 | 4 7 2 | 8 3 5 | 
-------------------------
| 2 3 9 | 1 4 5 | 6 8 7 | 
| 4 5 7 | 2 6 8 | 9 1 3 | 
| 1 6 8 | 9 3 7 | 2 5 4 | 
-------------------------
| 3 4 2 | 7 8 9 | 5 6 1 | 
| 9 1 5 | 6 2 4 | 3 7 8 | 
| 8 7 6 | 3 5 1 | 4 9 2 | 
-------------------------
Result: 523
Grid 06  - Solved
-------------------------
| 1 7 6 | 9 2 3 | 5 8 4 | 
| 5 2 4 | 8 1 7 | 6 3 9 | 
| 8 9 3 | 6 5 4 | 2 7 1 | 
-------------------------
| 9 5 7 | 3 4 8 | 1 6 2 | 
| 6 3 8 | 1 9 2 | 4 5 7 | 
| 4 1 2 | 7 6 5 | 3 9 8 | 
-------------------------
| 2 6 5 | 4 8 9 | 7 1 3 | 
| 7 8 1 | 2 3 6 | 9 4 5 | 
| 3 4 9 | 5 7 1 | 8 2 6 | 
-------------------------
Result: 176
Grid 07  - Solved
-------------------------
| 1 4 3 | 9 8 6 | 2 5 7 | 
| 6 7 9 | 4 2 5 | 3 8 1 | 
| 2 8 5 | 7 3 1 | 6 9 4 | 
-------------------------
| 9 6 2 | 3 5 4 | 1 7 8 | 
| 3 5 7 | 6 1 8 | 9 4 2 | 
| 4 1 8 | 2 7 9 | 5 6 3 | 
-------------------------
| 8 2 1 | 5 6 7 | 4 3 9 | 
| 7 9 6 | 1 4 3 | 8 2 5 | 
| 5 3 4 | 8 9 2 | 7 1 6 | 
-------------------------
Result: 143
Grid 08  - Solved
-------------------------
| 4 8 7 | 1 5 6 | 9 3 2 | 
| 3 6 2 | 4 9 8 | 7 5 1 | 
| 9 1 5 | 3 7 2 | 8 6 4 | 
-------------------------
| 8 4 6 | 5 1 9 | 2 7 3 | 
| 5 9 3 | 7 2 4 | 1 8 6 | 
| 2 7 1 | 8 6 3 | 5 4 9 | 
-------------------------
| 1 2 4 | 6 8 5 | 3 9 7 | 
| 7 3 8 | 9 4 1 | 6 2 5 | 
| 6 5 9 | 2 3 7 | 4 1 8 | 
-------------------------
Result: 487
Grid 09  - Solved
-------------------------
| 8 1 4 | 9 7 6 | 5 3 2 | 
| 6 5 9 | 1 2 3 | 4 7 8 | 
| 7 3 2 | 8 5 4 | 1 6 9 | 
-------------------------
| 9 4 8 | 2 6 5 | 3 1 7 | 
| 2 7 5 | 3 4 1 | 8 9 6 | 
| 1 6 3 | 7 9 8 | 2 4 5 | 
-------------------------
| 3 9 1 | 6 8 2 | 7 5 4 | 
| 5 8 7 | 4 3 9 | 6 2 1 | 
| 4 2 6 | 5 1 7 | 9 8 3 | 
-------------------------
Result: 814
Grid 10  - Solved
-------------------------
| 7 6 1 | 9 2 8 | 4 5 3 | 
| 9 2 5 | 7 4 3 | 1 6 8 | 
| 4 3 8 | 6 1 5 | 9 2 7 | 
-------------------------
| 3 5 7 | 4 6 1 | 2 8 9 | 
| 8 9 4 | 3 7 2 | 6 1 5 | 
| 2 1 6 | 5 8 9 | 3 7 4 | 
-------------------------
| 6 8 9 | 1 5 4 | 7 3 2 | 
| 1 4 2 | 8 3 7 | 5 9 6 | 
| 5 7 3 | 2 9 6 | 8 4 1 | 
-------------------------
Result: 761
Grid 11  - Solved
-------------------------
| 9 7 6 | 1 2 5 | 4 3 8 | 
| 1 5 8 | 4 3 6 | 9 2 7 | 
| 4 2 3 | 8 7 9 | 1 5 6 | 
-------------------------
| 2 3 4 | 7 6 1 | 8 9 5 | 
| 8 6 7 | 9 5 2 | 3 1 4 | 
| 5 1 9 | 3 8 4 | 7 6 2 | 
-------------------------
| 7 8 2 | 5 1 3 | 6 4 9 | 
| 3 9 5 | 6 4 7 | 2 8 1 | 
| 6 4 1 | 2 9 8 | 5 7 3 | 
-------------------------
Result: 976
Grid 12  - Solved
-------------------------
| 9 6 2 | 3 4 1 | 7 5 8 | 
| 1 4 8 | 9 7 5 | 6 2 3 | 
| 5 7 3 | 2 6 8 | 1 4 9 | 
-------------------------
| 3 2 1 | 6 9 4 | 8 7 5 | 
| 4 8 7 | 5 1 2 | 9 3 6 | 
| 6 9 5 | 8 3 7 | 4 1 2 | 
-------------------------
| 8 3 4 | 7 2 6 | 5 9 1 | 
| 2 1 6 | 4 5 9 | 3 8 7 | 
| 7 5 9 | 1 8 3 | 2 6 4 | 
-------------------------
Result: 962
Grid 13  - Solved
-------------------------
| 3 9 7 | 6 8 1 | 5 2 4 | 
| 6 4 5 | 2 7 9 | 8 1 3 | 
| 2 1 8 | 5 3 4 | 9 7 6 | 
-------------------------
| 8 2 3 | 9 5 6 | 7 4 1 | 
| 1 6 9 | 7 4 2 | 3 5 8 | 
| 7 5 4 | 3 1 8 | 6 9 2 | 
-------------------------
| 4 7 2 | 8 9 3 | 1 6 5 | 
| 5 3 1 | 4 6 7 | 2 8 9 | 
| 9 8 6 | 1 2 5 | 4 3 7 | 
-------------------------
Result: 397
Grid 14  - Solved
-------------------------
| 6 3 9 | 2 1 8 | 4 5 7 | 
| 4 7 1 | 5 3 9 | 2 6 8 | 
| 8 2 5 | 6 7 4 | 1 3 9 | 
-------------------------
| 5 6 4 | 8 2 3 | 7 9 1 | 
| 7 9 3 | 4 5 1 | 8 2 6 | 
| 2 1 8 | 7 9 6 | 3 4 5 | 
-------------------------
| 3 5 2 | 9 8 7 | 6 1 4 | 
| 1 8 6 | 3 4 5 | 9 7 2 | 
| 9 4 7 | 1 6 2 | 5 8 3 | 
-------------------------
Result: 639
Grid 15  - Solved
-------------------------
| 6 9 7 | 1 2 8 | 3 4 5 | 
| 4 2 8 | 6 3 5 | 1 9 7 | 
| 3 1 5 | 4 7 9 | 6 8 2 | 
-------------------------
| 5 3 1 | 2 4 6 | 9 7 8 | 
| 2 8 6 | 3 9 7 | 4 5 1 | 
| 9 7 4 | 5 8 1 | 2 6 3 | 
-------------------------
| 1 4 9 | 8 5 2 | 7 3 6 | 
| 7 5 2 | 9 6 3 | 8 1 4 | 
| 8 6 3 | 7 1 4 | 5 2 9 | 
-------------------------
Result: 697
Grid 16  - Solved
-------------------------
| 3 6 1 | 7 2 5 | 9 4 8 | 
| 5 8 7 | 9 6 4 | 2 1 3 | 
| 4 9 2 | 8 3 1 | 6 5 7 | 
-------------------------
| 6 3 8 | 2 5 9 | 4 7 1 | 
| 1 7 4 | 6 8 3 | 5 9 2 | 
| 2 5 9 | 1 4 7 | 8 3 6 | 
-------------------------
| 7 4 6 | 3 9 2 | 1 8 5 | 
| 9 2 3 | 5 1 8 | 7 6 4 | 
| 8 1 5 | 4 7 6 | 3 2 9 | 
-------------------------
Result: 361
Grid 17  - Solved
-------------------------
| 3 5 9 | 8 6 7 | 1 2 4 | 
| 6 4 8 | 3 1 2 | 5 9 7 | 
| 7 1 2 | 5 4 9 | 8 3 6 | 
-------------------------
| 8 7 6 | 9 2 4 | 3 5 1 | 
| 5 2 4 | 7 3 1 | 9 6 8 | 
| 1 9 3 | 6 8 5 | 4 7 2 | 
-------------------------
| 9 3 1 | 4 7 6 | 2 8 5 | 
| 4 6 5 | 2 9 8 | 7 1 3 | 
| 2 8 7 | 1 5 3 | 6 4 9 | 
-------------------------
Result: 359
Grid 18  - Solved
-------------------------
| 7 8 6 | 9 4 5 | 3 1 2 | 
| 2 1 9 | 8 6 3 | 4 5 7 | 
| 5 3 4 | 2 7 1 | 8 6 9 | 
-------------------------
| 1 6 5 | 4 8 2 | 9 7 3 | 
| 3 2 7 | 6 1 9 | 5 4 8 | 
| 4 9 8 | 5 3 7 | 1 2 6 | 
-------------------------
| 9 5 1 | 7 2 8 | 6 3 4 | 
| 8 4 2 | 3 5 6 | 7 9 1 | 
| 6 7 3 | 1 9 4 | 2 8 5 | 
-------------------------
Result: 786
Grid 19  - Solved
-------------------------
| 7 4 3 | 5 1 2 | 9 8 6 | 
| 5 8 9 | 3 4 6 | 2 1 7 | 
| 1 2 6 | 9 8 7 | 3 4 5 | 
-------------------------
| 9 3 4 | 2 5 1 | 7 6 8 | 
| 6 7 1 | 4 9 8 | 5 3 2 | 
| 8 5 2 | 7 6 3 | 4 9 1 | 
-------------------------
| 3 9 8 | 6 7 5 | 1 2 4 | 
| 4 1 7 | 8 2 9 | 6 5 3 | 
| 2 6 5 | 1 3 4 | 8 7 9 | 
-------------------------
Result: 743
Grid 20  - Solved
-------------------------
| 7 8 2 | 6 1 4 | 3 5 9 | 
| 4 3 9 | 8 2 5 | 1 7 6 | 
| 6 5 1 | 9 3 7 | 4 2 8 | 
-------------------------
| 2 9 3 | 4 7 1 | 8 6 5 | 
| 5 6 8 | 3 9 2 | 7 1 4 | 
| 1 4 7 | 5 6 8 | 2 9 3 | 
-------------------------
| 3 2 6 | 7 4 9 | 5 8 1 | 
| 9 7 5 | 1 8 3 | 6 4 2 | 
| 8 1 4 | 2 5 6 | 9 3 7 | 
-------------------------
Result: 782
Grid 21  - Solved
-------------------------
| 4 2 8 | 5 3 1 | 7 9 6 | 
| 3 6 5 | 9 4 7 | 1 8 2 | 
| 9 7 1 | 2 6 8 | 4 3 5 | 
-------------------------
| 2 1 4 | 8 9 6 | 5 7 3 | 
| 6 9 7 | 4 5 3 | 2 1 8 | 
| 5 8 3 | 1 7 2 | 9 6 4 | 
-------------------------
| 8 4 9 | 6 1 5 | 3 2 7 | 
| 7 5 2 | 3 8 9 | 6 4 1 | 
| 1 3 6 | 7 2 4 | 8 5 9 | 
-------------------------
Result: 428
Grid 22  - Solved
-------------------------
| 4 2 5 | 7 8 1 | 9 3 6 | 
| 1 7 8 | 3 6 9 | 5 2 4 | 
| 3 6 9 | 5 2 4 | 1 8 7 | 
-------------------------
| 8 9 4 | 1 5 7 | 3 6 2 | 
| 6 5 2 | 8 4 3 | 7 9 1 | 
| 7 1 3 | 6 9 2 | 8 4 5 | 
-------------------------
| 9 8 7 | 2 1 6 | 4 5 3 | 
| 5 3 6 | 4 7 8 | 2 1 9 | 
| 2 4 1 | 9 3 5 | 6 7 8 | 
-------------------------
Result: 425
Grid 23  - Solved
-------------------------
| 3 4 8 | 2 6 7 | 9 5 1 | 
| 5 7 1 | 9 4 3 | 6 2 8 | 
| 2 6 9 | 1 8 5 | 3 7 4 | 
-------------------------
| 6 9 7 | 3 5 1 | 4 8 2 | 
| 1 2 3 | 8 7 4 | 5 9 6 | 
| 8 5 4 | 6 2 9 | 1 3 7 | 
-------------------------
| 4 1 5 | 7 9 8 | 2 6 3 | 
| 9 8 2 | 4 3 6 | 7 1 5 | 
| 7 3 6 | 5 1 2 | 8 4 9 | 
-------------------------
Result: 348
Grid 24  - Solved
-------------------------
| 1 2 4 | 9 8 6 | 7 3 5 | 
| 8 6 7 | 4 3 5 | 9 1 2 | 
| 3 9 5 | 7 1 2 | 6 8 4 | 
-------------------------
| 4 7 8 | 3 5 9 | 2 6 1 | 
| 2 5 9 | 8 6 1 | 3 4 7 | 
| 6 3 1 | 2 7 4 | 5 9 8 | 
-------------------------
| 7 1 2 | 6 9 8 | 4 5 3 | 
| 9 8 3 | 5 4 7 | 1 2 6 | 
| 5 4 6 | 1 2 3 | 8 7 9 | 
-------------------------
Result: 124
Grid 25  - Solved
-------------------------
| 3 6 1 | 5 2 4 | 7 8 9 | 
| 7 8 9 | 3 6 1 | 4 2 5 | 
| 5 2 4 | 8 7 9 | 3 6 1 | 
-------------------------
| 8 9 3 | 1 5 7 | 6 4 2 | 
| 4 1 2 | 6 8 3 | 5 9 7 | 
| 6 5 7 | 9 4 2 | 1 3 8 | 
-------------------------
| 1 4 8 | 7 9 6 | 2 5 3 | 
| 2 3 5 | 4 1 8 | 9 7 6 | 
| 9 7 6 | 2 3 5 | 8 1 4 | 
-------------------------
Result: 361
Grid 26  - Solved
-------------------------
| 5 8 1 | 4 7 9 | 2 6 3 | 
| 3 2 9 | 1 5 6 | 8 4 7 | 
| 6 4 7 | 3 2 8 | 1 5 9 | 
-------------------------
| 9 5 6 | 7 3 1 | 4 2 8 | 
| 2 3 8 | 9 6 4 | 5 7 1 | 
| 7 1 4 | 5 8 2 | 9 3 6 | 
-------------------------
| 1 7 2 | 6 9 5 | 3 8 4 | 
| 8 9 3 | 2 4 7 | 6 1 5 | 
| 4 6 5 | 8 1 3 | 7 9 2 | 
-------------------------
Result: 581
Grid 27  - Solved
-------------------------
| 3 8 7 | 2 5 6 | 4 1 9 | 
| 4 6 9 | 7 8 1 | 3 2 5 | 
| 5 1 2 | 4 3 9 | 8 6 7 | 
-------------------------
| 1 2 3 | 5 4 8 | 9 7 6 | 
| 7 5 8 | 9 6 3 | 2 4 1 | 
| 6 9 4 | 1 2 7 | 5 8 3 | 
-------------------------
| 8 3 5 | 6 7 4 | 1 9 2 | 
| 2 7 1 | 8 9 5 | 6 3 4 | 
| 9 4 6 | 3 1 2 | 7 5 8 | 
-------------------------
Result: 387
Grid 28  - Solved
-------------------------
| 3 4 5 | 8 7 1 | 2 6 9 | 
| 2 7 9 | 6 5 3 | 1 8 4 | 
| 8 6 1 | 4 2 9 | 5 3 7 | 
-------------------------
| 1 9 7 | 3 4 6 | 8 5 2 | 
| 4 5 2 | 7 1 8 | 3 9 6 | 
| 6 8 3 | 5 9 2 | 7 4 1 | 
-------------------------
| 7 3 8 | 2 6 4 | 9 1 5 | 
| 5 1 6 | 9 3 7 | 4 2 8 | 
| 9 2 4 | 1 8 5 | 6 7 3 | 
-------------------------
Result: 345
Grid 29  - Solved
-------------------------
| 2 3 5 | 7 6 1 | 4 8 9 | 
| 4 1 9 | 3 2 8 | 5 7 6 | 
| 8 6 7 | 5 4 9 | 2 1 3 | 
-------------------------
| 7 4 6 | 1 3 5 | 9 2 8 | 
| 5 2 1 | 8 9 6 | 7 3 4 | 
| 9 8 3 | 4 7 2 | 6 5 1 | 
-------------------------
| 3 9 4 | 2 8 7 | 1 6 5 | 
| 6 5 2 | 9 1 3 | 8 4 7 | 
| 1 7 8 | 6 5 4 | 3 9 2 | 
-------------------------
Result: 235
Grid 30  - Solved
-------------------------
| 2 9 8 | 1 7 5 | 6 4 3 | 
| 6 5 7 | 3 9 4 | 1 2 8 | 
| 1 3 4 | 2 8 6 | 5 7 9 | 
-------------------------
| 8 2 1 | 6 4 9 | 7 3 5 | 
| 5 7 3 | 8 2 1 | 4 9 6 | 
| 4 6 9 | 7 5 3 | 2 8 1 | 
-------------------------
| 3 1 2 | 4 6 8 | 9 5 7 | 
| 7 8 5 | 9 1 2 | 3 6 4 | 
| 9 4 6 | 5 3 7 | 8 1 2 | 
-------------------------
Result: 298
Grid 31  - Solved
-------------------------
| 7 6 1 | 5 4 3 | 2 8 9 | 
| 8 3 2 | 7 9 1 | 6 4 5 | 
| 5 4 9 | 6 2 8 | 1 3 7 | 
-------------------------
| 3 7 4 | 2 1 5 | 9 6 8 | 
| 1 2 8 | 9 3 6 | 5 7 4 | 
| 6 9 5 | 4 8 7 | 3 2 1 | 
-------------------------
| 4 1 7 | 3 6 9 | 8 5 2 | 
| 9 5 3 | 8 7 2 | 4 1 6 | 
| 2 8 6 | 1 5 4 | 7 9 3 | 
-------------------------
Result: 761
Grid 32  - Solved
-------------------------
| 1 3 2 | 6 4 9 | 7 8 5 | 
| 7 5 8 | 2 1 3 | 6 4 9 | 
| 9 6 4 | 7 8 5 | 1 2 3 | 
-------------------------
| 5 4 3 | 8 9 7 | 2 1 6 | 
| 2 7 6 | 5 3 1 | 8 9 4 | 
| 8 9 1 | 4 2 6 | 5 3 7 | 
-------------------------
| 6 1 9 | 3 7 8 | 4 5 2 | 
| 3 2 7 | 1 5 4 | 9 6 8 | 
| 4 8 5 | 9 6 2 | 3 7 1 | 
-------------------------
Result: 132
Grid 33  - Solved
-------------------------
| 6 9 8 | 1 7 3 | 5 4 2 | 
| 3 5 4 | 6 2 8 | 1 7 9 | 
| 1 7 2 | 5 4 9 | 3 6 8 | 
-------------------------
| 5 3 1 | 8 9 7 | 4 2 6 | 
| 9 4 6 | 3 1 2 | 8 5 7 | 
| 8 2 7 | 4 5 6 | 9 1 3 | 
-------------------------
| 7 6 5 | 9 3 1 | 2 8 4 | 
| 2 1 3 | 7 8 4 | 6 9 5 | 
| 4 8 9 | 2 6 5 | 7 3 1 | 
-------------------------
Result: 698
Grid 34  - Solved
-------------------------
| 8 5 2 | 7 1 6 | 9 4 3 | 
| 1 9 7 | 8 4 3 | 6 5 2 | 
| 4 6 3 | 9 2 5 | 1 8 7 | 
-------------------------
| 2 7 8 | 6 3 4 | 5 9 1 | 
| 6 4 5 | 1 7 9 | 3 2 8 | 
| 9 3 1 | 5 8 2 | 4 7 6 | 
-------------------------
| 7 8 6 | 4 9 1 | 2 3 5 | 
| 3 1 4 | 2 5 8 | 7 6 9 | 
| 5 2 9 | 3 6 7 | 8 1 4 | 
-------------------------
Result: 852
Grid 35  - Solved
-------------------------
| 4 5 3 | 2 1 8 | 7 9 6 | 
| 6 2 9 | 7 5 3 | 4 8 1 | 
| 1 7 8 | 4 9 6 | 5 3 2 | 
-------------------------
| 7 9 6 | 5 8 2 | 3 1 4 | 
| 3 1 4 | 9 6 7 | 8 2 5 | 
| 2 8 5 | 1 3 4 | 6 7 9 | 
-------------------------
| 5 4 2 | 8 7 9 | 1 6 3 | 
| 9 3 7 | 6 4 1 | 2 5 8 | 
| 8 6 1 | 3 2 5 | 9 4 7 | 
-------------------------
Result: 453
Grid 36  - Solved
-------------------------
| 5 1 6 | 2 8 9 | 3 4 7 | 
| 8 4 9 | 1 7 3 | 2 5 6 | 
| 7 3 2 | 4 6 5 | 9 1 8 | 
-------------------------
| 6 9 8 | 3 1 7 | 5 2 4 | 
| 3 2 7 | 9 5 4 | 8 6 1 | 
| 1 5 4 | 8 2 6 | 7 3 9 | 
-------------------------
| 9 6 1 | 7 3 2 | 4 8 5 | 
| 2 7 5 | 6 4 8 | 1 9 3 | 
| 4 8 3 | 5 9 1 | 6 7 2 | 
-------------------------
Result: 516
Grid 37  - Solved
-------------------------
| 9 4 5 | 6 8 1 | 7 2 3 | 
| 7 8 1 | 2 3 4 | 9 6 5 | 
| 3 2 6 | 7 5 9 | 1 8 4 | 
-------------------------
| 2 6 9 | 1 7 5 | 3 4 8 | 
| 1 3 8 | 9 4 2 | 5 7 6 | 
| 5 7 4 | 8 6 3 | 2 1 9 | 
-------------------------
| 4 5 7 | 3 2 6 | 8 9 1 | 
| 6 1 2 | 5 9 8 | 4 3 7 | 
| 8 9 3 | 4 1 7 | 6 5 2 | 
-------------------------
Result: 945
Grid 38  - Solved
-------------------------
| 3 6 5 | 9 4 2 | 8 7 1 | 
| 1 2 8 | 7 5 6 | 4 9 3 | 
| 9 7 4 | 8 1 3 | 5 6 2 | 
-------------------------
| 8 1 9 | 4 3 5 | 6 2 7 | 
| 5 3 7 | 2 6 8 | 1 4 9 | 
| 6 4 2 | 1 7 9 | 3 5 8 | 
-------------------------
| 2 9 6 | 3 8 4 | 7 1 5 | 
| 7 5 3 | 6 9 1 | 2 8 4 | 
| 4 8 1 | 5 2 7 | 9 3 6 | 
-------------------------
Result: 365
Grid 39  - Solved
-------------------------
| 1 3 4 | 5 8 7 | 2 9 6 | 
| 2 7 8 | 1 6 9 | 3 5 4 | 
| 6 9 5 | 2 3 4 | 8 1 7 | 
-------------------------
| 3 5 9 | 8 1 6 | 4 7 2 | 
| 8 2 1 | 4 7 3 | 5 6 9 | 
| 7 4 6 | 9 2 5 | 1 8 3 | 
-------------------------
| 9 1 7 | 3 4 8 | 6 2 5 | 
| 4 6 2 | 7 5 1 | 9 3 8 | 
| 5 8 3 | 6 9 2 | 7 4 1 | 
-------------------------
Result: 134
Grid 40  - Solved
-------------------------
| 1 9 3 | 6 7 2 | 4 8 5 | 
| 4 6 2 | 3 5 8 | 9 7 1 | 
| 7 8 5 | 9 1 4 | 6 2 3 | 
-------------------------
| 5 3 8 | 2 9 6 | 7 1 4 | 
| 6 7 4 | 1 3 5 | 2 9 8 | 
| 2 1 9 | 4 8 7 | 3 5 6 | 
-------------------------
| 8 2 6 | 7 4 1 | 5 3 9 | 
| 9 4 1 | 5 2 3 | 8 6 7 | 
| 3 5 7 | 8 6 9 | 1 4 2 | 
-------------------------
Result: 193
Grid 41  - Solved
-------------------------
| 8 1 4 | 9 7 6 | 5 3 2 | 
| 6 5 9 | 1 2 3 | 4 7 8 | 
| 7 3 2 | 8 5 4 | 1 6 9 | 
-------------------------
| 9 4 8 | 2 6 5 | 3 1 7 | 
| 2 7 5 | 3 4 1 | 8 9 6 | 
| 1 6 3 | 7 9 8 | 2 4 5 | 
-------------------------
| 3 9 1 | 6 8 2 | 7 5 4 | 
| 5 8 7 | 4 3 9 | 6 2 1 | 
| 4 2 6 | 5 1 7 | 9 8 3 | 
-------------------------
Result: 814
Grid 42  - Solved
-------------------------
| 3 8 4 | 5 6 7 | 9 2 1 | 
| 1 2 6 | 4 3 9 | 7 8 5 | 
| 7 5 9 | 8 2 1 | 3 4 6 | 
-------------------------
| 5 6 3 | 7 9 8 | 2 1 4 | 
| 8 4 7 | 3 1 2 | 6 5 9 | 
| 9 1 2 | 6 4 5 | 8 7 3 | 
-------------------------
| 2 3 1 | 9 7 4 | 5 6 8 | 
| 4 9 5 | 2 8 6 | 1 3 7 | 
| 6 7 8 | 1 5 3 | 4 9 2 | 
-------------------------
Result: 384
Grid 43  - Solved
-------------------------
| 4 6 9 | 1 5 8 | 3 7 2 | 
| 7 1 2 | 4 6 3 | 8 5 9 | 
| 5 3 8 | 2 9 7 | 6 4 1 | 
-------------------------
| 9 2 7 | 6 3 4 | 5 1 8 | 
| 3 8 5 | 7 1 9 | 4 2 6 | 
| 1 4 6 | 5 8 2 | 7 9 3 | 
-------------------------
| 6 5 3 | 9 4 1 | 2 8 7 | 
| 2 9 4 | 8 7 6 | 1 3 5 | 
| 8 7 1 | 3 2 5 | 9 6 4 | 
-------------------------
Result: 469
Grid 44  - Solved
-------------------------
| 3 1 6 | 5 4 9 | 2 7 8 | 
| 9 8 7 | 3 2 1 | 6 4 5 | 
| 4 5 2 | 6 7 8 | 9 3 1 | 
-------------------------
| 5 9 4 | 2 3 6 | 8 1 7 | 
| 2 3 8 | 4 1 7 | 5 6 9 | 
| 6 7 1 | 9 8 5 | 3 2 4 | 
-------------------------
| 8 4 5 | 1 6 2 | 7 9 3 | 
| 1 2 9 | 7 5 3 | 4 8 6 | 
| 7 6 3 | 8 9 4 | 1 5 2 | 
-------------------------
Result: 316
Grid 45  - Solved
-------------------------
| 5 8 6 | 1 2 7 | 9 4 3 | 
| 7 2 3 | 4 6 9 | 8 5 1 | 
| 4 9 1 | 8 5 3 | 2 6 7 | 
-------------------------
| 1 3 5 | 9 7 4 | 6 2 8 | 
| 2 7 9 | 6 1 8 | 5 3 4 | 
| 6 4 8 | 5 3 2 | 1 7 9 | 
-------------------------
| 9 1 7 | 2 4 6 | 3 8 5 | 
| 3 5 2 | 7 8 1 | 4 9 6 | 
| 8 6 4 | 3 9 5 | 7 1 2 | 
-------------------------
Result: 586
Grid 46  - Solved
-------------------------
| 9 5 4 | 2 1 3 | 6 8 7 | 
| 6 1 7 | 5 4 8 | 9 2 3 | 
| 8 3 2 | 7 9 6 | 5 4 1 | 
-------------------------
| 7 6 3 | 8 5 1 | 2 9 4 | 
| 1 2 8 | 9 7 4 | 3 6 5 | 
| 5 4 9 | 3 6 2 | 1 7 8 | 
-------------------------
| 2 8 1 | 6 3 7 | 4 5 9 | 
| 4 7 5 | 1 2 9 | 8 3 6 | 
| 3 9 6 | 4 8 5 | 7 1 2 | 
-------------------------
Result: 954
Grid 47  - Solved
-------------------------
| 1 5 9 | 7 4 3 | 8 6 2 | 
| 2 7 6 | 5 8 9 | 4 3 1 | 
| 3 4 8 | 6 1 2 | 7 5 9 | 
-------------------------
| 6 2 4 | 9 7 8 | 3 1 5 | 
| 9 1 7 | 2 3 5 | 6 8 4 | 
| 5 8 3 | 1 6 4 | 2 9 7 | 
-------------------------
| 4 3 5 | 8 2 1 | 9 7 6 | 
| 8 6 1 | 4 9 7 | 5 2 3 | 
| 7 9 2 | 3 5 6 | 1 4 8 | 
-------------------------
Result: 159
Grid 48  - Solved
-------------------------
| 8 6 1 | 3 5 7 | 2 9 4 | 
| 5 9 7 | 4 8 2 | 3 6 1 | 
| 4 3 2 | 6 1 9 | 7 8 5 | 
-------------------------
| 9 1 6 | 2 7 5 | 8 4 3 | 
| 3 5 8 | 9 6 4 | 1 2 7 | 
| 2 7 4 | 1 3 8 | 9 5 6 | 
-------------------------
| 7 8 9 | 5 4 1 | 6 3 2 | 
| 1 4 3 | 8 2 6 | 5 7 9 | 
| 6 2 5 | 7 9 3 | 4 1 8 | 
-------------------------
Result: 861
Grid 49  - Solved
-------------------------
| 2 9 4 | 8 6 3 | 5 1 7 | 
| 7 1 5 | 4 2 9 | 6 3 8 | 
| 8 6 3 | 7 5 1 | 4 9 2 | 
-------------------------
| 1 5 2 | 9 4 7 | 8 6 3 | 
| 4 7 9 | 3 8 6 | 2 5 1 | 
| 6 3 8 | 5 1 2 | 9 7 4 | 
-------------------------
| 9 8 6 | 1 3 4 | 7 2 5 | 
| 5 2 1 | 6 7 8 | 3 4 9 | 
| 3 4 7 | 2 9 5 | 1 8 6 | 
-------------------------
Result: 294
Grid 50  - Solved
-------------------------
| 3 5 1 | 2 8 6 | 4 9 7 | 
| 4 9 2 | 1 5 7 | 6 3 8 | 
| 7 8 6 | 9 3 4 | 5 1 2 | 
-------------------------
| 2 7 5 | 4 6 9 | 1 8 3 | 
| 9 3 8 | 5 2 1 | 7 6 4 | 
| 6 1 4 | 8 7 3 | 2 5 9 | 
-------------------------
| 8 2 9 | 6 4 5 | 3 7 1 | 
| 1 6 3 | 7 9 2 | 8 4 5 | 
| 5 4 7 | 3 1 8 | 9 2 6 | 
-------------------------
Result: 351
Total solved: 50 Puzzles
Total result: 24702